607500
1
16384
1
66349
1
366486
32
1
32
25510625
18880639
32
1
81
39366
2333164
856846
810375
1960400
32184
11702064
86541
11406390
88615
34600
2500
1
32
16
3888
7923255
124416
18826150
2732302712
57087857184
1174794
16
162
243
1
7776
60000
81
27118
2968
81
44698
7776
2401
179837138
17071357
1473358
171366
1024
1024
702997
1
5711
512
415204360
32
577665
1286012525
1875
3252
2304
16
254518
3888
13600
27108
2592
1964
606132
1
396
768
1024
???.?.??????????? 2,1,3,2
????????????????? 2,2,6
32
54917024
?????????.??????? 5,1,1,1,1
?#?????##?#????###. 2,2,4,5
5184
1307618225
1875
16
1
243
233532
2304
5184
362
1024
129616142
162
320211
512
23200
653672
3888
512
1
1
16384
16
16
32
179616
12014
32
1
243
3055392
18444942485
13795992
7203
1916393
2461395
1024
1875
957650
500386280
32768
166296
7776
56141748
5184
1078956110
11396551
23943
3888
3125
1024
81913056
546155396
10474
243
32
32
2718084
768
28859374
43888
751689
32
243
1024
1024
2917215
3888
455625
1
20000
243
1440000
26244
1062956
32
512
5184
32
32
32
1
243
32
80015184
32
3125
32
328
80000
243
1
3622710
7776
470400
303750
31916048
117128
256
3125
13612
243
40225345056
30482
13428
5772
1250
16
3888
19443884
3564
61370
243
32768
39652878
2325583270
?#?????.????.?????? 1,2,1,1,3,1
145045
5184
512
512
243
32
1
243
1599100
399955
725073129
4709179018
1
69283500
3304
162
16384
1118036712
1658685
243
1
2240000
162
16
1091480496
512
31836
16
1920000
1147294894
81
49023
1
1
16
40000
243
2500
97700
24576
236795008
335722
32768
176018922
768
3363
243
357089537
32
390963
32805
256
1
243
32768
1
9925
1
5184
16
5852
6667934
81
38129
1283986
2500
1462480
243
7203
1024
??????????.? 1,1,1,1
##?#?###?????????.# 10,1,2,1
.#.??##?#????#?. 1,7,2
.?????????????#?.? 1,2,6
????.#.???????? 2,1,2,3
???.?????.?. 2,1,1,1
?#??????#?.???.?? 1,7,1,1
????????????? 1,4,1
..?##?.?.????? 4,4
49477696
768
1875
393909
243
1655275
100000
3268760
768
1
40000
?????????? 1,1,1
???..??#?..? 2,4,1
?.??#???#?##?##?#. 1,14
#??????.?. 1,3
###?.?.???.???.# 3,1,3,1,1
??#???????#.?? 6,2
.??????#??#???? 5,6
???#.????.# 2,2,1
?#?##...??####??.??# 4,6,3
..?#?#?..#.???? 5,1
???#?#??????? 1,4,3
?????#???#??#???#? 1,1,3,1,3,2
..??#?.????#???? 3,5
###..#.???#??#???# 3,1,1,6,1
##?????####.???? 3,7,3
?#???##.????#?#???? 2,4,2,2,1,2
.?.#?..#??.#? 1,1,3,1
??.?##?#?????.??.??# 1,7,1,1,2
?#??.#????#???#?.? 3,3,7
????.?.??? 2,1,1
1
2766815
3413522
32
32768
1332
60000
12288
12304
44684
13815
5103918
32
942
186868079
392
41283708
3827738
32
16253
512
32
1875
3888
16384
162
835210
424252
60000
19829590
16
1
???????.??#??.?.? 2,1,3,1,1
.??#???#.??#??? 3,2,5
??????.#.???#????? 2,1,8
.????##?#?.##????? 8,4,1
.???#?.#?#.?? 4,1,1,1
???????#??.???.??#.. 4,2,1,1,1,1
#?#?#???.??.?#???#?? 1,1,1,1,1,8
162
41510
374684
??.?.??.??.?????# 1,1,1,5
..??.???.??.?. 1,2
.?????????#? 1,1,3
.?????##???.?..?#??? 9,2
??#??#??##?.?? 4,3,2
5184
14406
1024
16
256
243
12005
3268760
32768
243
512
768
512
3125
16
1
5988
7776
5184
24576
2374653
124416
1
16384
40896
1
1024
16
768
512
768
858544
7653845744
1024
14144726
1968
15006250
333426
1113647
50388480
2442096
243
179014
32
32
16
1
16
3888
24576
52774
5014602432
39366
7203
4257126
54119011
189536
3515625
880
58564
41049243
683
7184509
199927
768
81005
243
2592
1102
32
512
4084101
1
161051
1
3363
32
232
1875
207360
1
32
768
512
7137072
11348
15160
1826446
168003
219
175785
1
7474816
243
20480
280069
20480
1181475
5184
4802
32
32
5988
23025233
92798
26244
60000
396
1317392
3235116
243
243
768
175
32
16
4278
7776
16282856
768
768
256
15504
512
34623725024
17051428
1
81
232306910
1
5859375
81
16384
2099232
22756513630
1331
131554
581796
3125
118956
1024
32
1
5184
1088528
1024
153
81
768
7776
1136244
28176
2883
1
1684752
15665
23290
1
25843967096
9604
162
4833309
3888
32768
5268
1414993531
13904
191541555
32
60000
5184
436481954
1
16384
436
32
6726438
14580000
22363
9604
13122
1
16835222
165888
517979892
49142208
80000
42558
563625
6533303
248832
13645
8192
585728
567972
1
1
1
37233556
335334
162
1
1
94877990
32
3564
15416
16384
7776
1024
295082
1250
1
75356
1
7776
148079
1
193776
2592
1
237084
81
32
32
124416
1419857
1
1201
477692
1
9243
1
99195023
1
17355894
16
32
1102
16384
6269239
32
11186
17238
32
1250
53368
6414
32
1
7776
1024
1920000
12005
21131
16
42674621
2818368
60000
32
2887992
243
17476
1
81
768
131200578
243
128988
100000
80000
664704
728856
32
162
13993402
5643534519
116699
1024
904
1875
162
257049
16384
32
16384
30045015
2500
1024
768
32
32
1
162
81
80000
15124
1
5100093
1
16
69374669
46800018
2304
5184
512
243
243
96790080
243
4848419344
3888
37104
39366
12934376
59049
70407
32
70605535
15148
266992
1
3691684278
1
1
1
11139
3888
52774
3020377470
13122
80320
11768712
162
24604
2500
69134688
16
243
7851859056
32
162
1875
1024
1
124416
81
16
5950019
57619
704349
108830391
9604
2256599
510549888
32
32
3078251
37532448
4802
541086
243
162
2500
24576
24576
1024
9565938
5184
1250
231175
390963
16
1
3888
4687500
1504392
3125
32
7776
2735499
32
2007188
33554432
2086651
2502000
243
512
1
2007
126798
8180050
1875
32
162
32
186624
19440000
32
32
32
1024
635042860
243
26478119415
32
14406
??????.?????????? 4,2,1
7642
162
119048872
102487
1259712
2845741
16
6559683
16
81490122
68403150
32
768
43022
4007
162
512
664544
1227
16807
506250
162
????????#?????????#? 1,2,3,1,5
1024
81
32
32
512
3165570
239439
13323
5651
350856
768
32
512
32
634536
248832
162
184300421
768
4299029681
14602600
2168804587
178763
768
14406
944784
71383
?????#.????????.#? 2,1,1,2,1,1
#???#?#?#?#?????? 2,9,1
512
512
32
??.??????#??.??? 1,1,3,1,1
421870079
243
32
100000
1
81
32
243
4802
73593
2255699148
256
9875984
1024
283205
243
1
1056108
1088
512
11501
2500
1024
443606
224959
15620
422576
571
38009464
60000
12934376
16807
187190675
342
6480
16807
707184
32
2736406320
75064896
14116
8453770
1
1024
16
1024408
2592
1024
437146681
768
32
1600000
458619
339828
60141
32
162
528
341986543
788736701
1
1
3888
748
11864
68676
243
512
1480
3850048
162
1
1024
62208
2476
16
1
26165
1048576
32
1
3275680
162
????????????????? 3,2,2,1,1
.#?.???.?????#??#??? 2,1,11
????#?????.??????. 7,1,1
19029
15323
243
512
285610000
13088
1
147686562
1
3308
84409904
1836715
64048930
171366
243
716386071
2917215
243
512
3888
1122656
7776
5184
734098
768
5526
16384
512
3156111
768
16
433652
3888
1580050
286
107392222
243
32
1296
84360
162
768
162
1109287
162
11681750
1504737
25849344
????.????????????. 2,3,1,1,1
13645
5184
32
1024
243
32
540162
414867293
1188
452009
13188
4273337910
32
44
32
81
648
32
33005166
1443621358
32
32
30045015
124352
512
59049
1
16
97299754
94695
1875
22717720
3125
6397568
1641562
460944
39366
16
132495
2401
39366
15072
