607500
607500 got 607500
32
32 got 32
1
1
1 got 1
17355894
17355894 got 17355894
16
16 got 16
32
1
1 got 1
16384
16384 got 16384
1
1 got 1
66349
66349 got 66349
1
1 got 1
366486
131200578
131200578 got 131200578
178763
178763 got 178763
8180050
8180050 got 8180050
1875
1875 got 1875
32
1
1 got 1
32
32 got 32
390963
390963 got 390963
32805
32805 got 32805
256
256 got 256
23290
23290 got 23290
1
1 got 1
25843967096
25843967096 got 25843967096
9604
9604 got 9604
162
162 got 162
4007
4007 got 4007
1 got 1
5184
5184 got 5184
1088528
1088528 got 1088528
1024
32 got 32
1102
458619
458619 got 458619
339828
339828 got 339828
60141
60141 got 60141
32
32 got 32
162
366486 got 366486
32
32 got 32
1
1 got 1
32
32 got 32
25510625
25510625 got 25510625
18880639
18880639 got 18880639
32
32 got 32
1
1 got 1
81
81 got 81
39366
39366 got 39366
2333164
2333164 got 2333164
856846
856846 got 856846
810375
810375 got 810375
1960400
1960400 got 1960400
32184
32184 got 32184
11702064
11702064 got 11702064
86541
86541 got 86541
11406390
11406390 got 11406390
88615
88615 got 88615
34600
34600 got 34600
2500
2500 got 2500
1
1 got 1
32
32 got 32
16
16 got 16
3888
3888 got 3888
7923255
1
1 got 1
243
243 got 243
32768
32768 got 32768
1
1 got 1
4833309
4833309 got 4833309
3888
3888 got 3888
32768
32768 got 32768
5268
5268 got 5268
162
162 got 162
1024 got 1024
153
153 got 153
81
81 got 81
768
768 got 768
1102 got 1102
16384
162 got 162
528
528 got 528
341986543
341986543 got 341986543
788736701
788736701 got 788736701
1
1 got 1
1
1 got 1
3888
768
768 got 768
32 got 32
162
16384
16384 got 16384
436
436 got 436
32
32 got 32
6726438
7923255 got 7923255
124416
9925
9925 got 9925
1414993531
1414993531 got 1414993531
512
512 got 512
7776
7776 got 7776
1136244
1136244 got 1136244
28176
28176 got 28176
2883
2883 got 2883
16384 got 16384
6269239
6269239 got 6269239
32
32 got 32
11186
11186 got 11186
17238
17238 got 17238
243
243 got 243
128988
128988 got 128988
100000
100000 got 100000
80000
80000 got 80000
664704
664704 got 664704
728856
728856 got 728856
32
3888 got 3888
748
748 got 748
11864
11864 got 11864
68676
68676 got 68676
243
14406
14406 got 14406
162 got 162
32
32 got 32
186624
186624 got 186624
19440000
19440000 got 19440000
6726438 got 6726438
14580000
14580000 got 14580000
22363
22363 got 22363
9604
9604 got 9604
13122
13122 got 13122
1
1 got 1
16835222
124416 got 124416
18826150
18826150 got 18826150
2732302712
2732302712 got 2732302712
57087857184
57087857184 got 57087857184
1174794
1174794 got 1174794
16
16 got 16
162
162 got 162
243
243 got 243
1
1 got 1
7776
1
1 got 1
94877990
94877990 got 94877990
32
32
32 got 32
162
944784
944784 got 944784
32
32 got 32
32
32 got 32
32
32 got 32
1024
1024 got 1024
1
1 got 1
5184
5184 got 5184
16
16 got 16
5852
5852 got 5852
6667934
6667934 got 6667934
81
81 got 81
38129
664544
664544 got 664544
1227
1227 got 1227
16807
16807 got 16807
506250
7776 got 7776
60000
60000 got 60000
81
81 got 81
27118
27118 got 27118
2968
2968 got 2968
81
81 got 81
44698
44698 got 44698
7776
7776 got 7776
2401
2401 got 2401
179837138
32 got 32
1250
1250 got 1250
53368
53368 got 53368
6414
6414 got 6414
32
162 got 162
13993402
71383
71383 got 71383
?????#.????????.#? 2,1,1,2,1,1
16835222 got 16835222
635042860
635042860 got 635042860
243
13904
13904 got 13904
506250 got 506250
1684752
1684752 got 1684752
15665
179837138 got 179837138
17071357
17071357 got 17071357
1473358
1473358 got 1473358
171366
171366 got 171366
1024
1024 got 1024
1024
1024 got 1024
702997
702997 got 702997
1
1 got 1
5711
5711 got 5711
512
512 got 512
415204360
243 got 243
26478119415
38129 got 38129
1283986
191541555
191541555 got 191541555
162
162 got 162
32 got 32
3564
15665 got 15665
243 got 243
7776
7776 got 7776
13993402 got 13993402
5643534519
165888
165888 got 165888
517979892
517979892 got 517979892
49142208
49142208 got 49142208
80000
80000 got 80000
415204360 got 415204360
32
26478119415 got 26478119415
32
1283986 got 1283986
2500
32
32 got 32
60000
????????#?????????#? 1,2,3,1,5
3564 got 3564
15416
15416 got 15416
512
512 got 512
1024
1024 got 1024
42558
42558 got 42558
563625
563625 got 563625
6533303
6533303 got 6533303
248832
248832 got 248832
13645
13645 got 13645
32 got 32
32 got 32
14406
2500 got 2500
1462480
60000 got 60000
5184
32 got 32
1
16384
16384 got 16384
1480
1480 got 1480
5643534519 got 5643534519
116699
116699 got 116699
8192
8192 got 8192
577665
577665 got 577665
14406 got 14406
??????.?????????? 4,2,1
1462480 got 1462480
243
5184 got 5184
436481954
436481954 got 436481954
7776
7776 got 7776
3850048
3850048 got 3850048
162
162 got 162
1
1 got 1
1024
1920000
1920000 got 1920000
1024
1024 got 1024
585728
585728 got 585728
1286012525
1286012525 got 1286012525
1875
1875 got 1875
3252
1 got 1
3156111
3156111 got 3156111
1024
1024 got 1024
1024 got 1024
62208
12005
12005 got 12005
904
904 got 904
1875
243 got 243
7203
3252 got 3252
2304
193776
193776 got 193776
768
768 got 768
295082
295082 got 295082
62208 got 62208
2476
21131
21131 got 21131
567972
567972 got 567972
1875 got 1875
7203 got 7203
1024
2304 got 2304
16
16
16 got 16
1250
1250 got 1250
2476 got 2476
16
16 got 16
1
1 got 1
162
162 got 162
257049
2592
2592 got 2592
16 got 16
254518
433652
433652 got 433652
1
1 got 1
75356
75356 got 75356
42674621
42674621 got 42674621
1
1 got 1
1024 got 1024
??????????.? 1,1,1,1
1
1 got 1
254518 got 254518
3888
3888
3888 got 3888
16
16 got 16
1
2818368
2818368 got 2818368
1
1 got 1
257049 got 257049
16384
237084
237084 got 237084
3888 got 3888
13600
1580050
1580050 got 1580050
1
1 got 1
1 got 1
26165
60000
60000 got 60000
37233556
37233556 got 37233556
16384 got 16384
32
81
81 got 81
13600 got 13600
27108
286
286 got 286
7776
7776 got 7776
26165 got 26165
1048576
32
32 got 32
335334
335334 got 335334
32 got 32
16384
32
32 got 32
27108 got 27108
2592
107392222
107392222 got 107392222
148079
148079 got 148079
1
1 got 1
2887992
2887992 got 2887992
243
16384 got 16384
30045015
32
32 got 32
2592 got 2592
1964
243
243 got 243
1048576 got 1048576
32
1
1 got 1
162
162 got 162
243 got 243
30045015 got 30045015
2500
124416
124416 got 124416
1964 got 1964
606132
606132 got 606132
32 got 32
1
1
1 got 1
17476
17476 got 17476
239439
239439 got 239439
2500 got 2500
1024
1419857
1419857 got 1419857
32
32 got 32
1
1 got 1
396
396 got 396
11501
1
1 got 1
13323
13323 got 13323
1024 got 1024
1
1 got 1
1296
1 got 1
3275680
11501 got 11501
2500
2500 got 2500
5651
5651 got 5651
768
768 got 768
1201
1201 got 1201
1296 got 1296
768
768 got 768
3275680 got 3275680
162
81
81 got 81
1024
1024 got 1024
350856
350856 got 350856
32
32 got 32
477692
477692 got 477692
84360
84360 got 84360
162 got 162
768
768 got 768
443606
443606 got 443606
5988
5988 got 5988
32
32 got 32
1
1 got 1
1024
1024 got 1024
???.?.??????????? 2,1,3,2
????????????????? 3,2,2,1,1
768
768 got 768
224959
224959 got 224959
7776
7776 got 7776
5184
9243
9243 got 9243
162
162 got 162
768
768 got 768
15620
15620 got 15620
1
1 got 1
5184 got 5184
24576
1
1 got 1
32
32 got 32
162
162 got 162
422576
422576 got 422576
162
162 got 162
81
81 got 81
80000
80000 got 80000
512
512 got 512
1109287
1109287 got 1109287
571
571 got 571
24576 got 24576
2374653
99195023
99195023 got 99195023
32
32 got 32
162
162 got 162
38009464
38009464 got 38009464
2374653 got 2374653
124416
15124
15124 got 15124
1
1 got 1
634536
634536 got 634536
11681750
11681750 got 11681750
1504737
1504737 got 1504737
124416 got 124416
1
1
1 got 1
81
81 got 81
248832
248832 got 248832
60000
60000 got 60000
25849344
25849344 got 25849344
????.????????????. 2,3,1,1,1
5100093
5100093 got 5100093
32
32 got 32
243
12934376
12934376 got 12934376
1 got 1
16384
16384 got 16384
162
162 got 162
243 got 243
4802
4802 got 4802
1
1 got 1
40896
40896 got 40896
1
16807
16807 got 16807
73593
73593 got 73593
16
16 got 16
184300421
184300421 got 184300421
1 got 1
1024
187190675
187190675 got 187190675
2255699148
2255699148 got 2255699148
69374669
69374669 got 69374669
46800018
46800018 got 46800018
1024 got 1024
16
342
342 got 342
256
256 got 256
768
768 got 768
2304
2304 got 2304
16 got 16
768
6480
6480 got 6480
9875984
9875984 got 9875984
4299029681
4299029681 got 4299029681
5184
5184 got 5184
512
512 got 512
1024
1024 got 1024
14602600
14602600 got 14602600
768 got 768
512
16807
16807 got 16807
243
243 got 243
283205
283205 got 283205
2168804587
2168804587 got 2168804587
707184
707184 got 707184
243
243 got 243
243
243 got 243
512 got 512
768
512
512 got 512
32
32 got 32
96790080
96790080 got 96790080
1
1 got 1
768 got 768
858544
858544 got 858544
2736406320
2736406320 got 2736406320
243
243 got 243
1056108
1056108 got 1056108
512
512 got 512
7653845744
7653845744 got 7653845744
75064896
75064896 got 75064896
4848419344
4848419344 got 4848419344
1088
1088 got 1088
32
32 got 32
1024
1024 got 1024
14116
14116 got 14116
3888
3888 got 3888
512
512 got 512
??.??????#??.??? 1,1,3,1,1
13188
14144726
14144726 got 14144726
37104
37104 got 37104
13188 got 13188
4273337910
8453770
8453770 got 8453770
39366
39366 got 39366
4273337910 got 4273337910
32
32 got 32
1
1 got 1
12934376
12934376 got 12934376
1968
1968 got 1968
15006250
15006250 got 15006250
333426
44
44 got 44
32
1024
1024 got 1024
16
16 got 16
1024408
1024408 got 1024408
2592
2592 got 2592
59049
59049 got 59049
333426 got 333426
1113647
1113647 got 1113647
1024
1024 got 1024
70407
70407 got 70407
32 got 32
81
81 got 81
437146681
437146681 got 437146681
32
32 got 32
70605535
648
648 got 648
768
768 got 768
50388480
50388480 got 50388480
32
32 got 32
32
32 got 32
1600000
2442096
2442096 got 2442096
243
1600000 got 1600000
70605535 got 70605535
15148
33005166
33005166 got 33005166
1443621358
1443621358 got 1443621358
16
16 got 16
15148 got 15148
243 got 243
179014
32
32 got 32
6559683
266992
266992 got 266992
32
32 got 32
6559683 got 6559683
16
16 got 16
1
1 got 1
30045015
30045015 got 30045015
179014 got 179014
32
32 got 32
3691684278
3691684278 got 3691684278
124352
124352 got 124352
81490122
81490122 got 81490122
1
1 got 1
512
512 got 512
59049
68403150
68403150 got 68403150
1
1 got 1
1
59049 got 59049
32
32 got 32
32
32 got 32
1 got 1
11139
1
1 got 1
768
768 got 768
16
16 got 16
11139 got 11139
3888
16
16 got 16
43022
43022 got 43022
1
52774
52774 got 52774
97299754
97299754 got 97299754
1 got 1
3888 got 3888
3020377470
3020377470 got 3020377470
1
1 got 1
16
16 got 16
94695
94695 got 94695
13122
13122 got 13122
2766815
2766815 got 2766815
3888
3888 got 3888
1875
1875 got 1875
80320
80320 got 80320
3413522
3413522 got 3413522
32
32 got 32
11768712
11768712 got 11768712
24576
24576 got 24576
22717720
22717720 got 22717720
32768
32768 got 32768
162
162 got 162
52774
52774 got 52774
3125
3125 got 3125
1332
1332 got 1332
60000
60000 got 60000
5014602432
5014602432 got 5014602432
6397568
6397568 got 6397568
24604
24604 got 24604
12288
12288 got 12288
39366
39366 got 39366
1641562
1641562 got 1641562
2500
2500 got 2500
12304
12304 got 12304
7203
7203 got 7203
460944
460944 got 460944
39366
39366 got 39366
16
69134688
69134688 got 69134688
4257126
4257126 got 4257126
16 got 16
44684
44684 got 44684
16
16 got 16
54119011
54119011 got 54119011
132495
132495 got 132495
13815
13815 got 13815
243
243 got 243
189536
189536 got 189536
2401
2401 got 2401
39366
39366 got 39366
3515625
15072
15072 got 15072
3515625 got 3515625
880
880 got 880
58564
58564 got 58564
41049243
41049243 got 41049243
683
683 got 683
7851859056
7851859056 got 7851859056
32
32 got 32
162
162 got 162
1875
1875 got 1875
1024
5103918
5103918 got 5103918
32
32 got 32
1
1 got 1
7184509
7184509 got 7184509
1024 got 1024
1
942
942 got 942
???????.??#??.?.? 2,1,3,1,1
1 got 1
124416
186868079
186868079 got 186868079
199927
199927 got 199927
768
392
392 got 392
768 got 768
81005
124416 got 124416
81
41283708
41283708 got 41283708
81005 got 81005
243
81 got 81
16
16 got 16
243 got 243
2592
2592 got 2592
5950019
5950019 got 5950019
3827738
3827738 got 3827738
1102
1102 got 1102
32
32
32 got 32
16253
57619
57619 got 57619
704349
704349 got 704349
108830391
32 got 32
512
16253 got 16253
512
108830391 got 108830391
9604
512 got 512
4084101
512 got 512
32
9604 got 9604
2256599
4084101 got 4084101
1
32 got 32
1875
2256599 got 2256599
510549888
1 got 1
161051
1875 got 1875
3888
510549888 got 510549888
32
161051 got 161051
1
3888 got 3888
16384
32 got 32
32
1 got 1
3363
16384 got 16384
162
32 got 32
3078251
3363 got 3363
32
162 got 162
835210
3078251 got 3078251
37532448
32 got 32
232
835210 got 835210
424252
37532448 got 37532448
4802
232 got 232
4802 got 4802
541086
541086 got 541086
243
243 got 243
162
162 got 162
2500
424252 got 424252
60000
60000 got 60000
19829590
19829590 got 19829590
16
16 got 16
64048930
64048930 got 64048930
2500 got 2500
24576
1875
1875 got 1875
171366
171366 got 171366
24576 got 24576
24576
24576 got 24576
243
243 got 243
207360
207360 got 207360
1024
1024 got 1024
716386071
716386071 got 716386071
1
1 got 1
9565938
9565938 got 9565938
2917215
2917215 got 2917215
32
32 got 32
5184
5184 got 5184
243
243 got 243
512
512 got 512
3888
3888 got 3888
1122656
1122656 got 1122656
7776
7776 got 7776
768
768 got 768
1250
1250 got 1250
5184
5184 got 5184
512
512 got 512
231175
231175 got 231175
734098
734098 got 734098
7137072
7137072 got 7137072
11348
11348 got 11348
390963
390963 got 390963
768
768 got 768
5526
16
15160
15160 got 15160
5526 got 5526
16384
16384 got 16384
1826446
1826446 got 1826446
512
512 got 512
168003
168003 got 168003
16 got 16
1
32
32 got 32
1 got 1
3888
219
219 got 219
32
32 got 32
3888 got 3888
175785
175785 got 175785
512
512 got 512
3165570
1
1 got 1
4687500
4687500 got 4687500
1504392
7474816
7474816 got 7474816
3165570 got 3165570
1504392 got 1504392
3125
243
243 got 243
32
32 got 32
3125 got 3125
32
20480
20480 got 20480
280069
32 got 32
7776
7776 got 7776
2735499
2735499 got 2735499
1024
1024 got 1024
280069 got 280069
20480
32
32 got 32
2007188
2007188 got 2007188
20480 got 20480
1181475
243
243 got 243
33554432
33554432 got 33554432
32
32 got 32
1181475 got 1181475
5184
5184 got 5184
4802
4802 got 4802
2086651
2086651 got 2086651
540162
540162 got 540162
32
32 got 32
32
32 got 32
2502000
2502000 got 2502000
414867293
414867293 got 414867293
5988
5988 got 5988
23025233
23025233 got 23025233
1188
1188 got 1188
243
243 got 243
92798
92798 got 92798
26244
512
512 got 512
452009
452009 got 452009
1
1 got 1
26244 got 26244
60000
60000 got 60000
396
396 got 396
13645
13645 got 13645
5184
1317392
1317392 got 1317392
5184 got 5184
2007
32768
32768 got 32768
2007 got 2007
126798
3235116
3235116 got 3235116
166296
166296 got 166296
126798 got 126798
243
5184
5184 got 5184
243 got 243
243
7776
7776 got 7776
362
362 got 362
1024
1024 got 1024
129616142
56141748
56141748 got 56141748
5184
129616142 got 129616142
243 got 243
768
5184 got 5184
1078956110
162
162 got 162
768 got 768
175
1078956110 got 1078956110
11396551
320211
320211 got 320211
175 got 175
32
11396551 got 11396551
23943
23943 got 23943
32 got 32
16
16 got 16
4278
4278 got 4278
7776
512
512 got 512
3888
3888 got 3888
7776 got 7776
16282856
23200
23200 got 23200
3125
3125 got 3125
16282856 got 16282856
768
653672
653672 got 653672
1024
1024 got 1024
768 got 768
768
3888
3888 got 3888
81913056
81913056 got 81913056
768 got 768
256
256 got 256
546155396
546155396 got 546155396
512
512 got 512
10474
10474 got 10474
243
1
1 got 1
15504
15504 got 15504
243 got 243
32
32 got 32
512
512 got 512
34623725024
32
32 got 32
1
1 got 1
34623725024 got 34623725024
2718084
2718084 got 2718084
16384
16384 got 16384
16
16 got 16
17051428
17051428 got 17051428
16
16 got 16
768
768 got 768
1
1 got 1
32
32 got 32
179616
81
81 got 81
28859374
28859374 got 28859374
179616 got 179616
12014
12014 got 12014
43888
43888 got 43888
232306910
232306910 got 232306910
32
32 got 32
1
1 got 1
751689
751689 got 751689
1
1 got 1
243
243 got 243
32
32 got 32
5859375
5859375 got 5859375
3055392
3055392 got 3055392
243
243 got 243
1024
18444942485
18444942485 got 18444942485
81
81 got 81
1024 got 1024
1024
1024 got 1024
2917215
2917215 got 2917215
13795992
13795992 got 13795992
16384
16384 got 16384
3888
3888 got 3888
455625
2099232
2099232 got 2099232
22756513630
22756513630 got 22756513630
455625 got 455625
1
7203
7203 got 7203
1331
1331 got 1331
1 got 1
20000
1916393
1916393 got 1916393
131554
131554 got 131554
2461395
2461395 got 2461395
20000 got 20000
581796
581796 got 581796
1024
1024 got 1024
243
243 got 243
3125
3125 got 3125
1875
1875 got 1875
957650
957650 got 957650
500386280
500386280 got 500386280
40225345056
40225345056 got 40225345056
30482
30482 got 30482
13428
13428 got 13428
5772
5772 got 5772
1250
1250 got 1250
16
16 got 16
3888
3888 got 3888
19443884
19443884 got 19443884
3564
3564 got 3564
1440000
1440000 got 1440000
26244
61370
61370 got 61370
243
243 got 243
118956
118956 got 118956
26244 got 26244
1062956
1062956 got 1062956
32
32768
32768 got 32768
39652878
32 got 32
512
512 got 512
39652878 got 39652878
2325583270
2325583270 got 2325583270
5184
5184 got 5184
?#?????.????.?????? 1,2,1,1,3,1
1024
1024 got 1024
32
32 got 32
16384
16384 got 16384
32
32 got 32
32
1118036712
1118036712 got 1118036712
32 got 32
1
1 got 1
1658685
1658685 got 1658685
243
243 got 243
243
243 got 243
32
32 got 32
1
1 got 1
2240000
2240000 got 2240000
80015184
80015184 got 80015184
32
162
162 got 162
32 got 32
16
16 got 16
3125
3125 got 3125
32
1091480496
1091480496 got 1091480496
32 got 32
328
512
512 got 512
328 got 328
80000
80000 got 80000
31836
31836 got 31836
16
243
243 got 243
16 got 16
1920000
1920000 got 1920000
1
1 got 1
3622710
3622710 got 3622710
1147294894
1147294894 got 1147294894
7776
7776 got 7776
81
81 got 81
470400
470400 got 470400
49023
49023 got 49023
303750
303750 got 303750
1
1 got 1
31916048
31916048 got 31916048
117128
1
1 got 1
117128 got 117128
256
16
16 got 16
256 got 256
3125
40000
40000 got 40000
3125 got 3125
13612
13612 got 13612
243
243 got 243
2500
243
243 got 243
2500 got 2500
97700
97700 got 97700
145045
145045 got 145045
24576
24576 got 24576
5184
5184 got 5184
236795008
236795008 got 236795008
512
512 got 512
335722
335722 got 335722
512
512 got 512
32768
32768 got 32768
176018922
243
243 got 243
176018922 got 176018922
32
32 got 32
768
768 got 768
1
1 got 1
243
243 got 243
3363
3363 got 3363
243
243 got 243
1599100
1599100 got 1599100
357089537
357089537 got 357089537
399955
399955 got 399955
421870079
421870079 got 421870079
725073129
725073129 got 725073129
4709179018
4709179018 got 4709179018
243
243 got 243
1
1 got 1
32
32 got 32
69283500
69283500 got 69283500
100000
100000 got 100000
3304
3304 got 3304
285610000
285610000 got 285610000
162
162 got 162
13088
13088 got 13088
5184
5184 got 5184
1
1 got 1
14406
14406 got 14406
147686562
147686562 got 147686562
1024
1024 got 1024
16
1
1 got 1
16 got 16
3308
3308 got 3308
256
256 got 256
243
84409904
84409904 got 84409904
243 got 243
12005
12005 got 12005
1836715
1836715 got 1836715
3268760
32768
32768 got 32768
3268760 got 3268760
243
243 got 243
1024
1024 got 1024
81
512
512 got 512
81 got 81
768
768 got 768
19029
19029 got 19029
512
512 got 512
15323
15323 got 15323
3125
3125 got 3125
243
243 got 243
16
16 got 16
1
512
512 got 512
1 got 1
49477696
.????..??. 4,1
49477696 got 49477696
768
768 got 768
1875
1875 got 1875
393909
393909 got 393909
243
243 got 243
1655275
1655275 got 1655275
100000
100000 got 100000
3268760
3268760 got 3268760
768
768 got 768
1
1 got 1
40000
40000 got 40000
?????????? 1,1,1
.????..??. 4,1 got 162
???#?#???#?#..? 1,5,1,1
???#?#???#?#..? 1,5,1,1 got 41510
?.#??#????##?#??.??? 5,2,1,1,1
?.#??#????##?#??.??? 5,2,1,1,1 got 374684
??.?.??.??.?????# 1,1,1,5
??.?.??.??.?????# 1,1,1,5 got 986172564
..??.???.??.?. 1,2
..??.???.??.?. 1,2 got 4826324
.?????????#? 1,1,3
.?????????#? 1,1,3 got 234831227
.?????##???.?..?#??? 9,2
.?????##???.?..?#??? 9,2 got 1024
??#??#??##?.?? 4,3,2
??#??#??##?.?? 4,3,2 got 2592
.????##?#?.##????? 8,4,1
.????##?#?.##????? 8,4,1 got 5184
.???#?.#?#.?? 4,1,1,1
.???#?.#?#.?? 4,1,1,1 got 5184
???????#??.???.??#.. 4,2,1,1,1,1
???????#??.???.??#.. 4,2,1,1,1,1 got 45221365
#?#?#???.??.?#???#?? 1,1,1,1,1,8
#?#?#???.??.?#???#?? 1,1,1,1,1,8 got 1024
###?.?.???.???.# 3,1,3,1,1
###?.?.???.???.# 3,1,3,1,1 got 243
??#???????#.?? 6,2
??#???????#.?? 6,2 got 3888
.??????#??#???? 5,6
.??????#??#???? 5,6 got 512
???#.????.# 2,2,1
???#.????.# 2,2,1 got 653
?#?##...??####??.??# 4,6,3
?#?##...??####??.??# 4,6,3 got 3888
..?#?#?..#.???? 5,1
..?#?#?..#.???? 5,1 got 1
???#?#??????? 1,4,3
???#?#??????? 1,4,3 got 2609346
?????#???#??#???#? 1,1,3,1,3,2
?????#???#??#???#? 1,1,3,1,3,2 got 1259712
..??#?.????#???? 3,5
..??#?.????#???? 3,5 got 100000
###..#.???#??#???# 3,1,1,6,1
###..#.???#??#???# 3,1,1,6,1 got 243
##?????####.???? 3,7,3
##?????####.???? 3,7,3 got 162
?#???##.????#?#???? 2,4,2,2,1,2
?#???##.????#?#???? 2,4,2,2,1,2 got 32
.?.#?..#??.#? 1,1,3,1
.?.#?..#??.#? 1,1,3,1 got 16
??.?##?#?????.??.??# 1,7,1,1,2
??.?##?#?????.??.??# 1,7,1,1,2 got 4687500
?#??.#????#???#?.? 3,3,7
?#??.#????#???#?.? 3,3,7 got 162
????.?.??? 2,1,1
????.?.??? 2,1,1 got 52022849
?.??#???#?##?##?#. 1,14
?.??#???#?##?##?#. 1,14 got 16
#??????.?. 1,3
#??????.?. 1,3 got 14499
???..??#?..? 2,4,1
???..??#?..? 2,4,1 got 162
.??#???#.??#??? 3,2,5
.??#???#.??#??? 3,2,5 got 5184
??????.#.???#????? 2,1,8
??????.#.???#????? 2,1,8 got 1049760
##?#?###?????????.# 10,1,2,1
##?#?###?????????.# 10,1,2,1 got 78486
.#.??##?#????#?. 1,7,2
.#.??##?#????#?. 1,7,2 got 3125
.?????????????#?.? 1,2,6
.?????????????#?.? 1,2,6 got 295660305
????.#.???????? 2,1,2,3
????.#.???????? 2,1,2,3 got 27011250
???.?????.?. 2,1,1,1
???.?????.?. 2,1,1,1 got 76149556
?#??????#?.???.?? 1,7,1,1
?#??????#?.???.?? 1,7,1,1 got 371947
????????????? 1,4,1
